<?xml version="1.0"?>
<opencv_storage>
<D1 type_id="opencv-matrix">
  <rows>1</rows>
  <cols>5</cols>
  <dt>d</dt>
  <data>
    2.8070951004241723e-01 -4.0504812207466134e+00 0. 0.
    1.3432630069097689e+01</data></D1>
</opencv_storage>
