<?xml version="1.0"?>
<opencv_storage>
<D2 type_id="opencv-matrix">
  <rows>1</rows>
  <cols>5</cols>
  <dt>d</dt>
  <data>
    -1.5621691703969684e-01 1.0206593104608441e+00 0. 0.
    -7.1716686640951000e-01</data></D2>
</opencv_storage>
