%YAML:1.0
---
M1: !!opencv-matrix
   rows: 3
   cols: 3
   dt: d
   data: [ 7.1062602954366594e+02, 0., 3.0604828758507648e+02, 0.,
       7.1062602954366594e+02, 1.7807054043358198e+02, 0., 0., 1. ]
D1: !!opencv-matrix
   rows: 1
   cols: 5
   dt: d
   data: [ -1.5444429117300632e-02, 9.4298282338649286e-02, 0., 0.,
       -2.2221202121242520e-01 ]
M2: !!opencv-matrix
   rows: 3
   cols: 3
   dt: d
   data: [ 7.1062602954366594e+02, 0., 3.0894948152543509e+02, 0.,
       7.1062602954366594e+02, 2.1764020529934766e+02, 0., 0., 1. ]
D2: !!opencv-matrix
   rows: 1
   cols: 5
   dt: d
   data: [ 4.7466415316143575e-02, -1.2970989076557440e+00, 0., 0.,
       5.2147911392194688e+00 ]
