%YAML:1.0
---
M1: !!opencv-matrix
   rows: 3
   cols: 3
   dt: d
   data: [ 7.1322887248899485e+02, 0., 3.1023436706976719e+02, 0.,
       7.1322887248899485e+02, 1.9871800976602506e+02, 0., 0., 1. ]
D1: !!opencv-matrix
   rows: 1
   cols: 5
   dt: d
   data: [ -1.3300922510687854e-01, 5.8711567852391566e-01, 0., 0.,
       -1.0527514153161641e+00 ]
M2: !!opencv-matrix
   rows: 3
   cols: 3
   dt: d
   data: [ 7.1322887248899485e+02, 0., 3.1216801786755593e+02, 0.,
       7.1322887248899485e+02, 1.9073397522283861e+02, 0., 0., 1. ]
D2: !!opencv-matrix
   rows: 1
   cols: 5
   dt: d
   data: [ 1.0100100328418972e-02, 1.7333954452595771e-01, 0., 0.,
       -3.9718831833475798e-01 ]
