%YAML:1.0
---
M1: !!opencv-matrix
   rows: 3
   cols: 3
   dt: d
   data: [ 7.1047087453283746e+02, 0., 3.0479028705394717e+02, 0.,
       7.1047087453283746e+02, 1.7791337309444344e+02, 0., 0., 1. ]
D1: !!opencv-matrix
   rows: 1
   cols: 5
   dt: d
   data: [ -3.1659724807011604e-02, 2.2211521570312090e-01, 0., 0.,
       -5.8129473012023647e-01 ]
M2: !!opencv-matrix
   rows: 3
   cols: 3
   dt: d
   data: [ 7.1047087453283746e+02, 0., 3.0865304362237822e+02, 0.,
       7.1047087453283746e+02, 2.1760997696670026e+02, 0., 0., 1. ]
D2: !!opencv-matrix
   rows: 1
   cols: 5
   dt: d
   data: [ 4.5697838794250691e-02, -1.3837155878239122e+00, 0., 0.,
       5.8343299499474162e+00 ]
