%YAML:1.0
M1: !!opencv-matrix
   rows: 3
   cols: 3
   dt: d
   data: [ 7.1002882801922840e+02, 0., 3.0597030507291964e+02, 0.,
       7.1002882801922840e+02, 1.7801026382277448e+02, 0., 0., 1. ]
D1: !!opencv-matrix
   rows: 1
   cols: 5
   dt: d
   data: [ -1.7844333100196674e-02, 1.1835012524191370e-01, 0., 0.,
       -2.9966271635195568e-01 ]
M2: !!opencv-matrix
   rows: 3
   cols: 3
   dt: d
   data: [ 7.1002882801922840e+02, 0., 3.0878386260970723e+02, 0.,
       7.1002882801922840e+02, 2.1754014885948050e+02, 0., 0., 1. ]
D2: !!opencv-matrix
   rows: 1
   cols: 5
   dt: d
   data: [ 4.5053627525552857e-02, -1.2752934402795475e+00, 0., 0.,
       5.2232150565387219e+00 ]
