%YAML:1.0
---
M1: !!opencv-matrix
   rows: 3
   cols: 3
   dt: d
   data: [ 6.9216166435349089e+02, 0., 3.0774526664305341e+02, 0.,
       6.9216166435349089e+02, 1.9986253700747085e+02, 0., 0., 1. ]
D1: !!opencv-matrix
   rows: 1
   cols: 5
   dt: d
   data: [ -1.3264444443816418e-02, 2.8158318177055491e-01, 0., 0.,
       -8.8027700156529032e-01 ]
M2: !!opencv-matrix
   rows: 3
   cols: 3
   dt: d
   data: [ 6.9216166435349089e+02, 0., 3.0839446222531240e+02, 0.,
       6.9216166435349089e+02, 2.1029663717094340e+02, 0., 0., 1. ]
D2: !!opencv-matrix
   rows: 1
   cols: 5
   dt: d
   data: [ -8.5999809077339895e-02, -6.4545367096749656e-02, 0., 0.,
       1.4749374430498554e+00 ]
