<?xml version="1.0"?>
<opencv_storage>
<M1 type_id="opencv-matrix">
  <rows>3</rows>
  <cols>3</cols>
  <dt>d</dt>
  <data>
    7.6626256964660104e+02 0. 3.4364280826813666e+02 0.
    7.6626256964660104e+02 1.6688122186145256e+02 0. 0. 1.</data></M1>
</opencv_storage>
