<?xml version="1.0"?>
<opencv_storage>
<M2 type_id="opencv-matrix">
  <rows>3</rows>
  <cols>3</cols>
  <dt>d</dt>
  <data>
    7.6626256964660104e+02 0. 3.2240073205488881e+02 0.
    7.6626256964660104e+02 1.9178915919789407e+02 0. 0. 1.</data></M2>
</opencv_storage>
