<?xml version="1.0"?>
<opencv_storage>
<P1 type_id="opencv-matrix">
  <rows>3</rows>
  <cols>4</cols>
  <dt>d</dt>
  <data>
    6.7216884313839466e+02 0. 4.3859646224975586e+02 0. 0.
    6.7216884313839466e+02 1.9120605850219727e+02 0. 0. 0. 1. 0.</data></P1>
</opencv_storage>
