<?xml version="1.0"?>
<opencv_storage>
<Q type_id="opencv-matrix">
  <rows>4</rows>
  <cols>4</cols>
  <dt>d</dt>
  <data>
    1. 0. 0. -4.3859646224975586e+02 0. 1. 0. -1.9120605850219727e+02 0.
    0. 0. 6.7216884313839466e+02 0. 0. -7.8855707536194197e-02 0.</data></Q>
</opencv_storage>
