<?xml version="1.0"?>
<opencv_storage>
<R type_id="opencv-matrix">
  <rows>3</rows>
  <cols>3</cols>
  <dt>d</dt>
  <data>
    9.9964857868260415e-01 -8.7058228812009232e-03
    2.5038526031110765e-02 8.3202124798399148e-03 9.9984580985439875e-01
    1.5463847544898371e-02 -2.5169290854924163e-02
    -1.5250087362461294e-02 9.9956687701889035e-01</data></R>
</opencv_storage>
