<?xml version="1.0"?>
<opencv_storage>
<R1 type_id="opencv-matrix">
  <rows>3</rows>
  <cols>3</cols>
  <dt>d</dt>
  <data>
    9.9311517442615760e-01 -2.6111283713072329e-02
    -1.1419479492235228e-01 2.7034353365554317e-02
    9.9961309911620044e-01 6.5418509163417239e-03 1.1397979672998627e-01
    -9.5839938522905115e-03 9.9343683895818469e-01</data></R1>
</opencv_storage>
