<?xml version="1.0"?>
<opencv_storage>
<R2 type_id="opencv-matrix">
  <rows>3</rows>
  <cols>3</cols>
  <dt>d</dt>
  <data>
    9.9013422344916069e-01 -1.9610219241355413e-02
    -1.3874313985215117e-01 1.8486196631305223e-02
    9.9978506237639098e-01 -9.3856051027459367e-03
    1.3889737250515691e-01 6.7281758554562773e-03 9.9028392472099724e-01</data></R2>
</opencv_storage>
