<?xml version="1.0"?>
<opencv_storage>
<T type_id="opencv-matrix">
  <rows>3</rows>
  <cols>1</cols>
  <dt>d</dt>
  <data>
    1.2556278478570446e+01 -2.4868484291202886e-01
    -1.7594558997326692e+00</data></T>
</opencv_storage>
